87
12.0 12.2 12.3
13.1 12.5 13.6
13.4 13.3 12.5
12.8 13.9 13.7
13.6 14.1 12.8
14.2 12.8 13.9
13.4 13.0 13.5
14.3 13.7 12.2
12.9 14.5 13.4
13.0 13.6 14.2
12.5 14.2 13.8
13.6 14.0 12.7
12.7 12.8 13.6
13.4 13.7 14.3
14.1 14.0 13.4
12.3 13.9 14.1
13.5 12.5 12.7
14.4 13.8 13.6
13.0 13.1 14.0
12.4 13.7 12.9
12.6 14.4 14.2
13.8 14.3 13.7
12.9 12.5 13.8
13.1 13.4 14.1
14.0 14.2 12.8
13.7 14.1 13.4
12.6 12.9 13.5
12.8 13.3 14.4
13.2 13.9 13.7
13.9 13.1 14.0
12.5 13.8 13.0
13.4 14.0 14.1
14.1 14.2 13.3
12.9 12.7 13.8
13.7 13.3 14.2
12.6 14.1 12.8
14.3 13.6 13.1
13.2 13.4 13.8
12.8 12.7 14.5
14.0 14.1 13.7
12.7 13.8 14.4
13.5 12.9 13.9
14.4 14.0 14.1
12.2 13.7 13.0
13.3 12.5 13.8
14.2 14.2 13.6
12.5 14.4 12.7
13.9 13.6 13.4
12.7 13.1 14.0
13.1 14.5 13.7
14.0 13.8 14.4
13.2 12.6 13.2
13.7 14.3 13.1
12.9 14.2 13.8
13.5 13.0 14.1
14.3 14.0 13.9
12.6 12.5 13.4
13.0 14.1 13.5
14.1 14.2 14.3
12.8 13.0 14.4
13.9 14.3 13.7
12.3 13.4 14.1
13.6 12.9 13.3
14.4 14.1 13.8
13.2 13.3 13.9
12.5 14.0 12.8
13.8 14.2 14.2
14.0 13.6 13.4
12.6 14.1 14.3
14.2 13.4 14.0
12.9 13.7 13.1
13.1 12.8 14.5
12.5 13.9 14.4
14.1 14.0 13.3
13.4 13.6 13.7
13.0 13.8 14.0
12.8 12.6 14.3
14.3 13.9 14.2
12.7 13.5 13.2
13.2 13.3 14.4
12.6 13.7 13.6
13.5 14.0 14.0
14.0 13.7 12.8
13.9 12.8 13.4
14.1 14.3 13.5
12.8 13.1 14.2
13.7 13.5 14.3